unique: [640, 727, 280, 592, 931, 302, 601, 501]
words: [1589, 1950, 573, 1517, 2496, 606, 1428, 1154]
tf statistics: [0.00881057268722467, 0.002564102564102564, 0.0, 0.001977587343441002, 0.002403846153846154, 0.0016501650165016502, 0.0028011204481792717, 0.0]
tf analytics: [0.003775959723096287, 0.003076923076923077, 0.0, 0.0013183915622940012, 0.0, 0.0, 0.0007002801120448179, 0.0017331022530329288]
tf data: [0.05726872246696035, 0.055384615384615386, 0.0, 0.03295978905735003, 0.03565705128205128, 0.009900990099009901, 0.01610644257703081, 0.032062391681109186]
tf science: [0.04090623033354311, 0.011282051282051283, 0.027923211169284468, 0.016479894528675015, 0.002403846153846154, 0.006600660066006601, 0.0021008403361344537, 0.0017331022530329288]
idf statistics: 0.28768207245178085
idf analytics: 0.47000362924573563
idf data: 0.13353139262452257
idf science: 0.0
tf-idf statistics: [0.002534643810147849, 0.0007376463396199509, 0.0, 0.0005689164254155191, 0.000691543443393704, 0.00047472289183462184, 0.0008058321357192741, 0.0]
tf-idf analytics: [0.001774714773740978, 0.001446165013063802, 0.0, 0.000619648819045136, 0.0, 0.0, 0.0003291341941496748, 0.0008145643487794378]
tf-idf data: [0.0076471722648405, 0.00739558482228125, 0.0, 0.004401166533438449, 0.004761335714576325, 0.0013220929962824018, 0.0021507157075378283, 0.004281335812051417]
tf-idf science: [0.0, 0.0, 0.0, 0.0, 0.0, 0.0, 0.0, 0.0]
