unique: [550, 606, 231, 467, 816, 205, 475, 396]
words: [972, 1102, 367, 830, 1510, 304, 716, 636]
tf statistics: [0.01440329218106996, 0.004537205081669692, 0.0, 0.0036144578313253013, 0.003973509933774834, 0.003289473684210526, 0.00558659217877095, 0.0]
tf analytics: [0.006172839506172839, 0.0054446460980036296, 0.0, 0.0024096385542168677, 0.0, 0.0, 0.0013966480446927375, 0.0031446540880503146]
tf data: [0.09362139917695474, 0.09800362976406533, 0.0, 0.060240963855421686, 0.05894039735099338, 0.019736842105263157, 0.03212290502793296, 0.05817610062893082]
tf science: [0.0668724279835391, 0.019963702359346643, 0.043596730245231606, 0.030120481927710843, 0.003973509933774834, 0.013157894736842105, 0.004189944134078212, 0.0031446540880503146]
idf statistics: 0.28768207245178085
idf analytics: 0.47000362924573563
idf data: 0.13353139262452257
idf science: 0.0
tf-idf statistics: [0.004143568944778736, 0.0013052725610334884, 0.0, 0.001039814719705232, 0.001143107572656083, 0.0009463226067492791, 0.0016071624159317366, 0.0]
tf-idf analytics: [0.002901256970652689, 0.002559003426020339, 0.0, 0.001132538865652375, 0.0, 0.0, 0.000656429649784547, 0.001477998834106087]
tf-idf data: [0.012501395811555098, 0.013086561164653754, 0.0, 0.008044059796657985, 0.007870393340120867, 0.0026354880123261033, 0.004289416243525167, 0.007768335734445495]
tf-idf science: [0.0, 0.0, 0.0, 0.0, 0.0, 0.0, 0.0, 0.0]
